fe0_gotoXXLatitude=0.000000
fe0_gotoXXLongitude=0.000000
fe0_uni_scr=-1
